vet = [-80, 97, -99, -50, 88, -19, 65, -64, -12, -6, 99, -53, 48, 39, 46]

Iteração 01:

[-80, 97, -99, -50, 88, -19, 65, -64, -12, -6, 99, -53, 48, 39, 46] - Pivô: -80

[-80, 97, -99, -50, 88, -19, 65, -64, -12, -6, 99, -53, 48, 39, 46] - Esq: 97
[-80, 97, -99, -50, 88, -19, 65, -64, -12, -6, 99, -53, 48, 39, 46] - Dir: -99

[-80, -99, 97, -50, 88, -19, 65, -64, -12, -6, 99, -53, 48, 39, 46] - Troca Dir -> Esq

[-80, -99, 97, -50, 88, -19, 65, -64, -12, -6, 99, -53, 48, 39, 46] - Esq: -50
[-80, -99, 97, -50, 88, -19, 65, -64, -12, -6, 99, -53, 48, 39, 46] - Dir: -88

[-99, -80, 97, -50, 88, -19, 65, -64, -12, -6, 99, -53, 48, 39, 46] - Troca Dir -> Pivô

Iteração 02:

[-99] [-80] [97, -50, 88, -19, 65, -64, -12, -6, 99, -53, 48, 39, 46] - Pivô: 97

[97, -50, 88, -19, 65, -64, -12, -6, 99, -53, 48, 39, 46] - Esq: 99
[97, -50, 88, -19, 65, -64, -12, -6, 99, -53, 48, 39, 46] - Dir: 46

[97, -50, 88, -19, 65, -64, -12, -6, 46, -53, 48, 39, 99] - Troca: 99 -> 46

[97, -50, 88, -19, 65, -64, -12, -6, 46, -53, 48, 39, 99] - Esq: 99
[97, -50, 88, -19, 65, -64, -12, -6, 46, -53, 48, 39, 99] - Dir: 39

[39, -50, 88, -19, 65, -64, -12, -6, 46, -53, 48, 97, 99] - Troca: Dir -> Pivô  








 

Iteração 03:







